Vertex Count: 36

Data:

 300.0  300.0 -300.0 1.0 0.3333  0.0  0.0 -1.0
-300.0  300.0 -300.0 0.75 0.3333  0.0  0.0 -1.0
-300.0 -300.0 -300.0 0.75 0.6666  0.0  0.0 -1.0

 300.0  300.0 -300.0 1.0 0.3333  0.0  0.0 -300.0
-300.0 -300.0 -300.0 0.75 0.6666  0.0  0.0 -300.0
 300.0 -300.0 -300.0 1.0 0.6666  0.0  0.0 -300.0

 300.0  300.0  300.0 0.5 0.3333  300.0  0.0  0.0
 300.0  300.0 -300.0 0.75 0.3333  300.0  0.0  0.0
 300.0 -300.0 -300.0 0.75 0.6666  300.0  0.0  0.0

 300.0  300.0  300.0 0.5 0.3333  300.0  0.0  0.0
 300.0 -300.0 -300.0 0.75 0.6666  300.0  0.0  0.0
 300.0 -300.0  300.0 0.5 0.6666  300.0  0.0  0.0

-300.0  300.0  300.0 0.25 0.3333  0.0  0.0  300.0
 300.0  300.0  300.0 0.5 0.3333  0.0  0.0  300.0
 300.0 -300.0  300.0 0.5 0.6666  0.0  0.0  300.0

-300.0  300.0  300.0 0.25 0.3333  0.0  0.0  300.0
 300.0 -300.0  300.0 0.5 0.6666  0.0  0.0  300.0
-300.0 -300.0  300.0 0.25 0.6666  0.0  0.0  300.0

-300.0  300.0 -300.0 0.0 0.3333 -300.0  0.0  0.0
-300.0  300.0  300.0 0.25 0.3333 -300.0  0.0  0.0
-300.0 -300.0  300.0 0.25 0.6666 -300.0  0.0  0.0

-300.0  300.0 -300.0 0.0 0.3333 -300.0  0.0  0.0
-300.0 -300.0  300.0 0.25 0.6666 -300.0  0.0  0.0
-300.0 -300.0 -300.0 0.0 0.6666 -300.0  0.0  0.0

 300.0  300.0  300.0 0.5 0.3333  0.0  300.0  0.0
-300.0  300.0  300.0 0.25 0.3333  0.0  300.0  0.0
-300.0  300.0 -300.0 0.25 0.0  0.0  300.0  0.0

 300.0  300.0  300.0 0.5 0.3333  0.0  300.0  0.0
-300.0  300.0 -300.0 0.25 0.0  0.0  300.0  0.0
 300.0  300.0 -300.0 0.5 0.0  0.0  300.0  0.0

 300.0 -300.0 -300.0 0.5 1.0  0.0 -300.0  0.0
-300.0 -300.0 -300.0 0.25 1.0  0.0 -300.0  0.0
-300.0 -300.0  300.0 0.25 0.6666  0.0 -300.0  0.0

 300.0 -300.0 -300.0 0.5 1.0  0.0 -300.0  0.0
-300.0 -300.0  300.0 0.25 0.6666  0.0 -300.0  0.0
 300.0 -300.0  300.0 0.5 0.6666  0.0 -300.0  0.0